-63  -23   11  -32  -85  -51   21   66   7  -80  
 29   94  -2   97  -37  -8  -92   49   26  -95  
 53   37  -56  -36  -25   78   34   1  -75   38  
-56  -38   65   5  -20   81   54  -100  -4  -90  
 72  -76  -96  -31   71  -83   61   79   66  -64  
 34  -32   74   28  -17   99   5  -84  -1   30  
 55   43   42   19   99   73  -51   52   23  -5  
 63  -6   19   17   63  -61  -16  -26  -83  -100  
 10   1  -32  -17  -71   51  -19   34   68   31  
-86  -28  -77   56   41  -79   28   41   74  -49  
